{
  "accessors": [
    {
      "bufferView": 2,
      "componentType": 5126,
      "count": 56174,
      "max": [
        4.2880501747131348,
        3.8483901023864746,
        1.9513399600982666
      ],
      "min": [
        -0.24696999788284302,
        -0.24659000337123871,
        -0.41479998826980591
      ],
      "type": "VEC3"
    },
    {
      "bufferView": 2,
      "byteOffset": 674088,
      "componentType": 5126,
      "count": 56174,
      "max": [
        0.99973869323730469,
        0.99996501207351685,
        0.99999362230300903
      ],
      "min": [
        -0.99968588352203369,
        -0.99942094087600708,
        -0.99997740983963013
      ],
      "type": "VEC3"
    },
    {
      "bufferView": 3,
      "componentType": 5126,
      "count": 56174,
      "max": [
        0.99977630376815796,
        0.99897325038909912,
        0.9998430609703064,
        1
      ],
      "min": [
        -0.99964088201522827,
        -0.99989092350006104,
        -0.99994927644729614,
        -1
      ],
      "type": "VEC4"
    },
    {
      "bufferView": 1,
      "componentType": 5126,
      "count": 56174,
      "max": [
        0.99738001823425293,
        0.99953997135162354
      ],
      "min": [
        0.0024000001139938831,
        0.0011500000255182385
      ],
      "type": "VEC2"
    },
    {
      "bufferView": 1,
      "byteOffset": 449392,
      "componentType": 5126,
      "count": 56174,
      "max": [
        0.99738001823425293,
        0.99953997135162354
      ],
      "min": [
        0.0024000001139938831,
        0.0011500000255182385
      ],
      "type": "VEC2"
    },
    {
      "bufferView": 1,
      "byteOffset": 898784,
      "componentType": 5126,
      "count": 56174,
      "max": [
        0.99738001823425293,
        0.99953997135162354
      ],
      "min": [
        0.0024000001139938831,
        0.0011500000255182385
      ],
      "type": "VEC2"
    },
    {
      "bufferView": 0,
      "componentType": 5125,
      "count": 247008,
      "max": [
        56173
      ],
      "min": [
        0
      ],
      "type": "SCALAR"
    },
    {
      "bufferView": 2,
      "byteOffset": 1348176,
      "componentType": 5126,
      "count": 65532,
      "max": [
        4.8011999130249023,
        0.02346000075340271,
        0.55769002437591553
      ],
      "min": [
        3.6805100440979004,
        -0.75301998853683472,
        -0.51486998796463013
      ],
      "type": "VEC3"
    },
    {
      "bufferView": 2,
      "byteOffset": 2134560,
      "componentType": 5126,
      "count": 65532,
      "max": [
        0.99995523691177368,
        0.99955070018768311,
        0.99983704090118408
      ],
      "min": [
        -0.99994295835494995,
        -0.99992311000823975,
        -0.99981647729873657
      ],
      "type": "VEC3"
    },
    {
      "bufferView": 3,
      "byteOffset": 898784,
      "componentType": 5126,
      "count": 65532,
      "max": [
        0.99968862533569336,
        0.99998855590820312,
        0.99984872341156006,
        1
      ],
      "min": [
        -0.99991244077682495,
        -0.99920094013214111,
        -0.99990898370742798,
        -1
      ],
      "type": "VEC4"
    },
    {
      "bufferView": 1,
      "byteOffset": 1348176,
      "componentType": 5126,
      "count": 65532,
      "max": [
        0.99862998723983765,
        0.98537999391555786
      ],
      "min": [
        0.02281000092625618,
        0.012819999828934669
      ],
      "type": "VEC2"
    },
    {
      "bufferView": 1,
      "byteOffset": 1872432,
      "componentType": 5126,
      "count": 65532,
      "max": [
        0.99862998723983765,
        0.98537999391555786
      ],
      "min": [
        0.02281000092625618,
        0.012819999828934669
      ],
      "type": "VEC2"
    },
    {
      "bufferView": 1,
      "byteOffset": 2396688,
      "componentType": 5126,
      "count": 65532,
      "max": [
        0.99862998723983765,
        0.98537999391555786
      ],
      "min": [
        0.02281000092625618,
        0.012819999828934669
      ],
      "type": "VEC2"
    },
    {
      "bufferView": 0,
      "byteOffset": 988032,
      "componentType": 5125,
      "count": 286779,
      "max": [
        65531
      ],
      "min": [
        0
      ],
      "type": "SCALAR"
    },
    {
      "bufferView": 2,
      "byteOffset": 2920944,
      "componentType": 5126,
      "count": 58796,
      "max": [
        4.7671298980712891,
        1.21110999584198,
        0.74247997999191284
      ],
      "min": [
        3.8033699989318848,
        -1.5727900266647339,
        -0.50490999221801758
      ],
      "type": "VEC3"
    },
    {
      "bufferView": 2,
      "byteOffset": 3626496,
      "componentType": 5126,
      "count": 58796,
      "max": [
        0.99999767541885376,
        0.99991953372955322,
        0.99916595220565796
      ],
      "min": [
        -0.99997085332870483,
        -0.99915772676467896,
        -0.99995571374893188
      ],
      "type": "VEC3"
    },
    {
      "bufferView": 3,
      "byteOffset": 1947296,
      "componentType": 5126,
      "count": 58796,
      "max": [
        0.99977725744247437,
        0.99996912479400635,
        0.99995535612106323,
        1
      ],
      "min": [
        -0.99820548295974731,
        -0.99972367286682129,
        -0.99976754188537598,
        -1
      ],
      "type": "VEC4"
    },
    {
      "bufferView": 1,
      "byteOffset": 2920944,
      "componentType": 5126,
      "count": 58796,
      "max": [
        0.99862998723983765,
        0.99873000383377075
      ],
      "min": [
        0.0040000001899898052,
        0.0016599999507889152
      ],
      "type": "VEC2"
    },
    {
      "bufferView": 1,
      "byteOffset": 3391312,
      "componentType": 5126,
      "count": 58796,
      "max": [
        0.99862998723983765,
        0.99873000383377075
      ],
      "min": [
        0.0040000001899898052,
        0.0016599999507889152
      ],
      "type": "VEC2"
    },
    {
      "bufferView": 1,
      "byteOffset": 3861680,
      "componentType": 5126,
      "count": 58796,
      "max": [
        0.99862998723983765,
        0.99873000383377075
      ],
      "min": [
        0.0040000001899898052,
        0.0016599999507889152
      ],
      "type": "VEC2"
    },
    {
      "bufferView": 0,
      "byteOffset": 2135148,
      "componentType": 5125,
      "count": 257493,
      "max": [
        58795
      ],
      "min": [
        0
      ],
      "type": "SCALAR"
    }
  ],
  "asset": {
    "extras": {
      "author": "3DHaupt (https://sketchfab.com/dennish2010)",
      "license": "CC-BY-4.0 (http://creativecommons.org/licenses/by/4.0/)",
      "source": "https://sketchfab.com/models/cb006bfafc20421f9f6f674f127f918b",
      "title": "Robot arm wip 2"
    },
    "generator": "Sketchfab-3.32.3",
    "version": "2.0"
  },
  "bufferViews": [
    {
      "buffer": 0,
      "byteLength": 3165120,
      "byteOffset": 0,
      "name": "floatBufferViews",
      "target": 34963
    },
    {
      "buffer": 0,
      "byteLength": 4332048,
      "byteOffset": 3165120,
      "byteStride": 8,
      "name": "floatBufferViews",
      "target": 34962
    },
    {
      "buffer": 0,
      "byteLength": 4332048,
      "byteOffset": 7497168,
      "byteStride": 12,
      "name": "floatBufferViews",
      "target": 34962
    },
    {
      "buffer": 0,
      "byteLength": 2888032,
      "byteOffset": 11829216,
      "byteStride": 16,
      "name": "floatBufferViews",
      "target": 34962
    }
  ],
  "buffers": [
    {
      "byteLength": 14717248,
      "uri": "scene.bin"
    }
  ],
  "images": [
    {
      "uri": "textures/Robotarm_normal.jpeg"
    },
    {
      "uri": "textures/Robotarm_baseColor.jpeg"
    },
    {
      "uri": "textures/HAND_baseColor.jpeg"
    },
    {
      "uri": "textures/HAND_normal.jpeg"
    }
  ],
  "materials": [
    {
      "doubleSided": true,
      "emissiveFactor": [
        0,
        0,
        0
      ],
      "name": "HAND",
      "normalTexture": {
        "index": 3,
        "scale": 1,
        "texCoord": 1
      },
      "pbrMetallicRoughness": {
        "baseColorFactor": [
          1,
          1,
          1,
          1
        ],
        "baseColorTexture": {
          "index": 2,
          "texCoord": 0
        },
        "metallicFactor": 0.34000000000000002,
        "roughnessFactor": 0.41999999999999998
      }
    },
    {
      "doubleSided": true,
      "emissiveFactor": [
        0,
        0,
        0
      ],
      "name": "Robotarm",
      "normalTexture": {
        "index": 0,
        "scale": 1,
        "texCoord": 0
      },
      "pbrMetallicRoughness": {
        "baseColorFactor": [
          0.71999999999999997,
          0.71999999999999997,
          0.71999999999999997,
          1
        ],
        "baseColorTexture": {
          "index": 1,
          "texCoord": 1
        },
        "metallicFactor": 0.87,
        "roughnessFactor": 0.5
      }
    }
  ],
  "meshes": [
    {
      "name": "Cube_0",
      "primitives": [
        {
          "attributes": {
            "NORMAL": 1,
            "POSITION": 0,
            "TANGENT": 2,
            "TEXCOORD_0": 3,
            "TEXCOORD_1": 4,
            "TEXCOORD_2": 5
          },
          "indices": 6,
          "material": 1,
          "mode": 4
        }
      ]
    },
    {
      "name": "Cube.001_0",
      "primitives": [
        {
          "attributes": {
            "NORMAL": 8,
            "POSITION": 7,
            "TANGENT": 9,
            "TEXCOORD_0": 10,
            "TEXCOORD_1": 11,
            "TEXCOORD_2": 12
          },
          "indices": 13,
          "material": 0,
          "mode": 4
        }
      ]
    },
    {
      "name": "Cube.001_0",
      "primitives": [
        {
          "attributes": {
            "NORMAL": 15,
            "POSITION": 14,
            "TANGENT": 16,
            "TEXCOORD_0": 17,
            "TEXCOORD_1": 18,
            "TEXCOORD_2": 19
          },
          "indices": 20,
          "material": 0,
          "mode": 4
        }
      ]
    }
  ],
  "nodes": [
    {
      "children": [
        1
      ],
      "name": "RootNode (gltf orientation matrix)",
      "rotation": [
        -0.70710678118654746,
        -0,
        -0,
        0.70710678118654757
      ]
    },
    {
      "children": [
        2
      ],
      "matrix": [
        0,
        -1,
        0,
        0,
        1,
        0,
        0,
        0,
        0,
        0,
        1,
        0,
        0,
        0,
        0,
        1
      ],
      "name": "RootNode (model correction matrix)"
    },
    {
      "children": [
        3,
        5,
        8,
        10,
        12,
        14,
        16
      ],
      "name": "Root"
    },
    {
      "children": [
        4
      ],
      "name": "Cube"
    },
    {
      "mesh": 0,
      "name": "Cube_0"
    },
    {
      "children": [
        6,
        7
      ],
      "name": "Cube.001"
    },
    {
      "mesh": 1,
      "name": "Cube.001_0"
    },
    {
      "mesh": 2,
      "name": "Cube.001_0"
    },
    {
      "children": [
        9
      ],
      "matrix": [
        -0.29086000000000006,
        0.95517000000000007,
        -0.05519000000000001,
        0,
        -0.77110000000000001,
        -0.19988000000000003,
        0.60452000000000006,
        0,
        0.56639000000000006,
        0.21839000000000003,
        0.7946700000000001,
        0,
        1.9832299999999998,
        2.1842000000000001,
        -9.3786900000000006,
        1
      ],
      "name": "Lamp.002"
    },
    {
      "name": "Lamp.002"
    },
    {
      "children": [
        11
      ],
      "matrix": [
        -0.29086000000000006,
        0.95517000000000007,
        -0.05519000000000001,
        0,
        -0.77110000000000001,
        -0.19988000000000003,
        0.60452000000000006,
        0,
        0.56639000000000006,
        0.21839000000000003,
        0.7946700000000001,
        0,
        -3.9171300000000002,
        -8.3947699999999994,
        3.7075700000000005,
        1
      ],
      "name": "Lamp.000"
    },
    {
      "name": "Lamp.000"
    },
    {
      "children": [
        13
      ],
      "matrix": [
        -0.29086000000000006,
        0.95517000000000007,
        -0.05519000000000001,
        0,
        -0.77110000000000001,
        -0.19988000000000003,
        0.60452000000000006,
        0,
        0.56639000000000006,
        0.21839000000000003,
        0.7946700000000001,
        0,
        6.1628899999999991,
        12.61068,
        5.6655699999999989,
        1
      ],
      "name": "Lamp.001"
    },
    {
      "name": "Lamp.001"
    },
    {
      "children": [
        15
      ],
      "matrix": [
        -0.29086000000000006,
        0.95517000000000007,
        -0.05519000000000001,
        0,
        -0.77110000000000001,
        -0.19988000000000003,
        0.60452000000000006,
        0,
        0.56639000000000006,
        0.21839000000000003,
        0.7946700000000001,
        0,
        -6.1492600000000008,
        5.1597299999999997,
        9.5581899999999997,
        1
      ],
      "name": "Lamp.003"
    },
    {
      "name": "Lamp.003"
    },
    {
      "children": [
        17
      ],
      "matrix": [
        -0.29086000000000006,
        0.95517000000000007,
        -0.05519000000000001,
        0,
        -0.77110000000000001,
        -0.19988000000000003,
        0.60452000000000006,
        0,
        0.56639000000000006,
        0.21839000000000003,
        0.7946700000000001,
        0,
        12.11966,
        -7.4358900000000006,
        1.8955599999999999,
        1
      ],
      "name": "Lamp.004"
    },
    {
      "name": "Lamp.004"
    }
  ],
  "samplers": [
    {
      "magFilter": 9729,
      "minFilter": 9987,
      "wrapS": 10497,
      "wrapT": 10497
    }
  ],
  "scene": 0,
  "scenes": [
    {
      "name": "OSG_Scene",
      "nodes": [
        0
      ]
    }
  ],
  "textures": [
    {
      "sampler": 0,
      "source": 0
    },
    {
      "sampler": 0,
      "source": 1
    },
    {
      "sampler": 0,
      "source": 2
    },
    {
      "sampler": 0,
      "source": 3
    }
  ]
}

